=== Palm Leaf Character Recognition Results ===

--- Evaluation Metrics ---
[+] Accuracy : 48.30 %
[+] Precision: 48.16 %
[+] Recall   : 48.30 %
[+] F1 Score : 46.17 %

--- Classification Report ---
              precision    recall  f1-score   support

           ஃ       0.00      0.00      0.00         0
           அ       0.40      0.29      0.33         7
           இ       0.00      0.00      0.00         2
           ஈ       0.00      0.00      0.00         0
           உ       0.00      0.00      0.00         1
           எ       0.00      0.00      0.00         0
           ஐ       0.00      0.00      0.00         1
           ஒ       0.00      0.00      0.00         0
           க       0.50      0.82      0.62        17
          கா       0.00      0.00      0.00         0
          கி       0.67      1.00      0.80         2
          கு       0.71      0.56      0.62         9
          கூ       0.00      0.00      0.00         0
          கெ       1.00      0.50      0.67         2
          கை       0.00      0.00      0.00         0
          கொ       0.00      0.00      0.00         1
          க்       0.00      0.00      0.00         3
           ங       0.50      0.33      0.40         3
          ஙௌ       0.00      0.00      0.00         0
          ங்       1.00      0.67      0.80         3
           ச       0.75      1.00      0.86         6
          சா       0.00      0.00      0.00         0
          சி       0.00      0.00      0.00         0
          சு       0.00      0.00      0.00         0
          ச்       0.00      0.00      0.00         0
           ஞ       0.50      0.50      0.50         2
          ஞ்       1.00      0.50      0.67         2
           ட       0.50      0.27      0.35        11
          டா       0.00      0.00      0.00         0
          டி       0.00      0.00      0.00         1
          டு       0.33      0.25      0.29         4
          ட்       0.00      0.00      0.00         2
           ண       0.00      0.00      0.00         1
          ணி       0.00      0.00      0.00         1
          ணீ       0.00      0.00      0.00         0
          ணு       0.00      0.00      0.00         0
          ண்       0.00      0.00      0.00         2
           த       0.56      0.56      0.56        18
          தா       0.00      0.00      0.00         0
          தி       0.00      0.00      0.00         0
          தீ       0.00      0.00      0.00         1
          து       0.75      0.55      0.63        11
          தூ       0.00      0.00      0.00         0
          தெ       0.00      0.00      0.00         0
          தோ       0.00      0.00      0.00         0
          த்       0.38      0.75      0.50         4
           ந       0.33      0.50      0.40         2
          நி       0.00      0.00      0.00         1
          நீ       0.00      0.00      0.00         1
          நு       0.00      0.00      0.00         0
          ந்       0.36      0.67      0.47         6
           ன       0.62      0.57      0.59        14
          னா       0.00      0.00      0.00         3
          னி       0.00      0.00      0.00         2
          னு       0.50      0.33      0.40         3
          னூ       0.00      0.00      0.00         0
          னெ       0.00      0.00      0.00         0
          னே       0.00      0.00      0.00         0
          னை       0.00      0.00      0.00         0
          ன்       0.47      0.41      0.44        17
           ப       0.16      0.44      0.24         9
          பா       0.00      0.00      0.00         0
          பி       0.00      0.00      0.00         1
          பீ       0.00      0.00      0.00         1
          பு       0.60      0.25      0.35        12
          பூ       0.00      0.00      0.00         1
          பெ       0.50      1.00      0.67         1
          ப்       1.00      0.50      0.67         2
           ம       0.28      0.73      0.40        11
          மா       0.00      0.00      0.00         0
          மி       0.00      0.00      0.00         1
          மு       0.00      0.00      0.00         3
          மூ       0.00      0.00      0.00         0
          மை       0.00      0.00      0.00         0
          ம்       0.75      0.33      0.46         9
           ய       0.53      0.82      0.64        11
          யி       1.00      0.50      0.67         2
          யு       0.00      0.00      0.00         1
          யூ       0.00      0.00      0.00         0
          ய்       0.00      0.00      0.00         1
           ர       0.00      0.00      0.00         2
          ரி       0.67      0.40      0.50         5
          ரு       0.20      0.17      0.18         6
          ரை       0.00      0.00      0.00         0
          ர்       0.50      0.50      0.50        12
           ற       0.40      0.31      0.35        13
          றா       0.00      0.00      0.00         1
          றி       0.80      1.00      0.89         4
          று       0.00      0.00      0.00         4
          றூ       0.00      0.00      0.00         1
          ற்       0.62      0.83      0.71         6
           ல       0.38      0.50      0.43        10
          லி       0.00      0.00      0.00         0
          லு       0.00      0.00      0.00         0
          லை       0.00      0.00      0.00         1
          ல்       0.20      0.33      0.25         3
           ள       0.00      0.00      0.00         0
          ளா       0.00      0.00      0.00         0
          ளி       0.00      0.00      0.00         1
          ளு       0.00      0.00      0.00         2
          ளூ       0.00      0.00      0.00         0
          ளை       0.00      0.00      0.00         1
          ள்       0.00      0.00      0.00         0
           ழ       0.50      0.12      0.20         8
          ழி       0.00      0.00      0.00         2
          ழு       0.50      0.33      0.40         3
          ழ்       0.50      0.50      0.50         2
           வ       0.69      0.58      0.63        31
          வி       0.86      0.86      0.86         7
          வீ       0.00      0.00      0.00         0
          வு       0.00      0.00      0.00         1
          வே       0.00      0.00      0.00         1
          வை       0.00      0.00      0.00         0
          வ்       0.00      0.00      0.00         0
           ா       0.57      0.67      0.62        46
           ெ       0.30      0.60      0.40        10
           ே       0.60      0.60      0.60        10
           ை       0.60      0.55      0.57        11
           ோ       0.00      0.00      0.00         0
           ௧       0.00      0.00      0.00         1
           ௨       0.00      0.00      0.00         0
           ௩       0.00      0.00      0.00         1
           ௪       0.00      0.00      0.00         2
           ௫       0.00      0.00      0.00         1
           ௬       0.00      0.00      0.00         0
           ௭       0.00      0.00      0.00         0
           ௮       0.00      0.00      0.00         0
           ௯       0.00      0.00      0.00         0

    accuracy                           0.48       441
   macro avg       0.20      0.19      0.18       441
weighted avg       0.48      0.48      0.46       441
